94701.00
99929.00
99920.00
99926.00
99932.00
99923.00
99917.00
99926.00
99923.00
99920.00
99929.00
99920.00
99932.00
99929.00
99920.00
99914.00
99920.00
99926.00
99923.00
99920.00
99923.00
99914.00
99926.00
99929.00
99932.00
99923.00
99923.00
99932.00
99929.00
99944.00
99929.00
99929.00
99923.00
99917.00
99920.00
99926.00
99929.00
99914.00
99920.00
99914.00
99917.00
99923.00
99920.00
99920.00
99917.00
99917.00
99923.00
99917.00
99914.00
99920.00
99926.00
99912.00
99917.00
99909.00
99917.00
99917.00
99926.00
99926.00
99920.00
99920.00
99920.00
99920.00
99917.00
99914.00
99917.00
99914.00
99920.00
99926.00
99914.00
99914.00
99917.00
99920.00
99923.00
99909.00
99917.00
99920.00
99914.00
99914.00
99914.00
99914.00
99920.00
99914.00
99923.00
99914.00
99914.00
99912.00
99917.00
99920.00
99923.00
99920.00
99923.00
99923.00
99929.00
99914.00
99917.00
99914.00
99920.00
99917.00
99920.00
99917.00
99914.00
99923.00
99926.00
99912.00
99917.00
99923.00
99914.00
99929.00
99914.00
99914.00
99917.00
99920.00
99920.00
99914.00
99920.00
99914.00
99914.00
99917.00
99914.00
99917.00
99912.00
99917.00
99914.00
99917.00
99914.00
99920.00
99917.00
99914.00
99920.00
99923.00
99912.00
99912.00
99917.00
99926.00
99912.00
99917.00
99917.00
99917.00
99917.00
99920.00
99929.00
99912.00
99917.00
99914.00
99923.00
99917.00
99920.00
99923.00
99912.00
99923.00
99914.00
99914.00
99920.00
99923.00
99917.00
99926.00
99935.00
99923.00
99923.00
99932.00
99917.00
99932.00
99926.00
99903.00
99920.00
99923.00
99920.00
99923.00
99923.00
99914.00
99929.00
99920.00
99920.00
99912.00
99917.00
99923.00
99917.00
99917.00
99929.00
99923.00
99920.00
99917.00
99914.00
99926.00
99920.00
99923.00
99923.00
99929.00
99920.00
99920.00
99923.00
99909.00
99917.00
99929.00
99920.00
99932.00
99923.00
99923.00
99926.00
99920.00
99917.00
99923.00
99917.00
99926.00
99923.00
99923.00
99920.00
99923.00
99929.00
99920.00
99923.00
99926.00
99917.00
99926.00
99935.00
99914.00
99920.00
99923.00
99914.00
99920.00
99920.00
99923.00
99923.00
99926.00
99917.00
99917.00
99912.00
99914.00
99929.00
99923.00
99926.00
99926.00
99929.00
99923.00
99929.00
99929.00
99923.00
99917.00
99914.00
99926.00
99926.00
99917.00
99923.00
99914.00
99926.00
99926.00
99920.00
99926.00
99920.00
99929.00
99929.00
99926.00
99926.00
99929.00
99929.00
99926.00
99923.00
99935.00
99926.00
99926.00
99929.00
99929.00
99932.00
99923.00
99929.00
99926.00
99929.00
99923.00
99938.00
99920.00
99929.00
99920.00
99920.00
99926.00
99938.00
99929.00
99932.00
99932.00
99926.00
99920.00
99926.00
99920.00
99932.00
99923.00
99926.00
99929.00
99923.00
99923.00
99932.00
99938.00
99926.00
99920.00
99941.00
99923.00
99932.00
99926.00
99926.00
99926.00
99923.00
99923.00
99923.00
99920.00
99920.00
99926.00
99926.00
99926.00
99929.00
99926.00
99926.00
99920.00
99929.00
99929.00
99932.00
99929.00
99935.00
99923.00
99926.00
99923.00
99926.00
99929.00
99932.00
99935.00
99938.00
99926.00
99926.00
99935.00
99929.00
99914.00
99929.00
99920.00
99929.00
99932.00
99932.00
99917.00
99926.00
99926.00
99938.00
99920.00
99926.00
99929.00
99932.00
99926.00
99938.00
99932.00
99932.00
99917.00
99923.00
99923.00
99917.00
99923.00
99923.00
99917.00
99923.00
99914.00
99929.00
99923.00
99926.00
99938.00
99935.00
99935.00
99929.00
99929.00
99920.00
99929.00
99926.00
99935.00
99929.00
99923.00
99929.00
99923.00
99929.00
99926.00
99926.00
99932.00
99923.00
99926.00
99923.00
99932.00
99932.00
99932.00
99923.00
99935.00
99932.00
99923.00
99932.00
99920.00
99926.00
99932.00
99932.00
99929.00
99926.00
99932.00
99923.00
99917.00
99929.00
99923.00
99929.00
99929.00
99932.00
99926.00
99929.00
99926.00
99932.00
99932.00
99929.00
99935.00
99935.00
99926.00
99929.00
99932.00
99932.00
99935.00
99932.00
99929.00
99938.00
99932.00
99932.00
99941.00
99932.00
99932.00
99929.00
99923.00
99938.00
99929.00
99935.00
99932.00
99923.00
99935.00
99929.00
99938.00
99946.00
99935.00
99932.00
99938.00
99932.00
99935.00
99932.00
99935.00
99946.00
99932.00
99935.00
99941.00
99935.00
99935.00
99926.00
99935.00
99935.00
99912.00
99935.00
99935.00
99920.00
99938.00
99935.00
99935.00
99938.00
99932.00
99929.00
99938.00
99923.00
99941.00
99923.00
99932.00
99929.00
99929.00
99923.00
99917.00
99920.00
99923.00
99932.00
99923.00
99917.00
99920.00
99917.00
99920.00
99917.00
99935.00
99914.00
99920.00
99923.00
99912.00
99917.00
99920.00
99917.00
99917.00
99926.00
99920.00
99920.00
99917.00
99923.00
99920.00
99914.00
99923.00
